1.253431834286611313e-03 2.219381332397460938e-01
1.300174256741892798e-03 2.209110260009765625e-01
2.857732538743884554e-03 2.225685119628906250e-01
4.413071128895107442e-03 2.226181030273437500e-01
4.459799253184182355e-03 2.197179794311523438e-01
6.017363888916160697e-03 2.211990356445312500e-01
7.572710424413098274e-03 2.187023162841796875e-01
7.619424776223904239e-03 2.197189331054687500e-01
9.176994711581509812e-03 2.191715240478515625e-01
1.073234918969567797e-02 2.178497314453125000e-01
1.077904976902821499e-02 2.151918411254882812e-01
1.233662606266328066e-02 2.164077758789062500e-01
1.393867476365151514e-02 2.120876312255859375e-01
1.549625688623812447e-02 2.116928100585937500e-01
1.705162778164115434e-02 2.111520767211914062e-01
1.709829976100329940e-02 2.093029022216796875e-01
1.865588823550090591e-02 2.063159942626953125e-01
2.021126654601423933e-02 2.066173553466796875e-01
2.025792475562659956e-02 2.040519714355468750e-01
2.181551905543777092e-02 2.033853530883789062e-01
2.337090584062273546e-02 2.010717391967773438e-01
2.341754975115939441e-02 1.980924606323242188e-01
2.497514987810312004e-02 1.972780227661132812e-01
2.653054460590531516e-02 1.945791244506835938e-01
2.657717474578269456e-02 1.928787231445312500e-01
2.813478122918489088e-02 1.908168792724609375e-01
2.969018390051381129e-02 1.873550415039062500e-01
2.973679974313447882e-02 1.849184036254882812e-01
3.129441205003125059e-02 1.849374771118164062e-01
3.284982266670588569e-02 1.815490722656250000e-01
3.289642473775777898e-02 1.771497726440429688e-01
3.445404286814912620e-02 1.762819290161132812e-01
3.600946196131438182e-02 1.723346710205078125e-01
3.605604973238107913e-02 1.717720031738281250e-01
3.761367368990498061e-02 1.681499481201171875e-01
3.916910072659696151e-02 1.659030914306640625e-01
3.921567472791387399e-02 1.642370223999023438e-01
4.077330451075134032e-02 1.615419387817382812e-01
4.232873949278903591e-02 1.576223373413085938e-01
4.237529972162767944e-02 1.558256149291992188e-01
4.393293586274260587e-02 1.537666320800781250e-01
4.548837825989060502e-02 1.504430770874023438e-01
4.553492418601556846e-02 1.469020843505859375e-01
4.709256668267947088e-02 1.436386108398437500e-01
4.864801702426369001e-02 1.429281234741210938e-01
4.869454918245785802e-02 1.367416381835937500e-01
5.025219750261633589e-02 1.353912353515625000e-01
5.180765578954626971e-02 1.324853897094726562e-01
5.185417417708115817e-02 1.298131942749023438e-01
5.341182832619117971e-02 1.264848709106445312e-01
5.496729455664783881e-02 1.233043670654296875e-01
5.501379917079496362e-02 1.203899383544921875e-01
5.657145861680212828e-02 1.170644760131835938e-01
5.812693332374940791e-02 1.148500442504882812e-01
5.817342363791133675e-02 1.111745834350585938e-01
5.973108943764848799e-02 1.100692749023437500e-01
6.128657208721299821e-02 1.059856414794921875e-01
6.133304863253463690e-02 1.034488677978515625e-01
6.289072025940434241e-02 1.012630462646484375e-01
6.444621085067658850e-02 9.694576263427734375e-02
6.449267362806743176e-02 9.394073486328125000e-02
6.605035108025070212e-02 9.185695648193359375e-02
6.760584961595916820e-02 8.793640136718750000e-02
6.765229809336481548e-02 8.536243438720703125e-02
6.920998190109706183e-02 8.252620697021484375e-02
7.076548838306073730e-02 7.816791534423828125e-02
7.081192308798811563e-02 7.557678222656250000e-02
7.236961219079851571e-02 7.397460937500000000e-02
7.392512661901740056e-02 6.994056701660156250e-02
7.397154755510448876e-02 6.602096557617187500e-02
7.552924301073538071e-02 6.587219238281250000e-02
7.708476538429998026e-02 6.171226501464843750e-02
7.713117254972778891e-02 5.893325805664062500e-02
7.868887383431022453e-02 5.757331848144531250e-02
8.024440362025664353e-02 5.273914337158203125e-02
8.029079701229668853e-02 5.090236663818359375e-02
8.184850412492117311e-02 4.860973358154296875e-02
8.340404238553922323e-02 4.688644409179687500e-02
8.345042200691998868e-02 4.221343994140625000e-02
8.500813494849601692e-02 4.087257385253906250e-02
8.656368062422437060e-02 3.708934783935546875e-02
8.661004647403636181e-02 3.449821472167968750e-02
8.816776523819747080e-02 3.219985961914062500e-02
8.972331938859745559e-02 2.931976318359375000e-02
8.976967147138814607e-02 2.675914764404296875e-02
9.132739605813433581e-02 2.518749237060546875e-02
9.288295762273512945e-02 2.113914489746093750e-02
9.292929593486654039e-02 1.962184906005859375e-02
9.448702635147376849e-02 1.793003082275390625e-02
9.604259638801770915e-02 1.531410217285156250e-02
9.608892039925442941e-02 1.246833801269531250e-02
9.764665717232012820e-02 1.158142089843750000e-02
9.920223462397437242e-02 7.753372192382812500e-03
9.924854539660621366e-02 5.622863769531250000e-03
1.008062874638405715e-01 4.758834838867187500e-03
1.023618728599310357e-01 1.420021057128906250e-03
1.024081698619035974e-01 -8.106231689453125000e-05
1.039659177535420254e-01 -2.321243286132812500e-03
1.055215110958876989e-01 -5.651473999023437500e-03
1.055677943272009811e-01 -7.608413696289062500e-03
1.071255485743883851e-01 -9.302139282226562500e-03
1.086811493318443622e-01 -1.161575317382812500e-02
1.087274187924983648e-01 -1.259422302246093750e-02
1.102851788649993336e-01 -1.542091369628906250e-02
1.118407875687105202e-01 -1.839828491210937500e-02
1.118870432568862539e-01 -1.856899261474609375e-02
1.134448091592482610e-01 -2.018165588378906250e-02
1.150004258055766782e-01 -2.318572998046875000e-02
1.150466682506000593e-01 -2.443504333496093750e-02
1.166044394489497149e-01 -2.660751342773437500e-02
1.181600640415333414e-01 -2.888679504394531250e-02
1.182062927177164324e-01 -3.025436401367187500e-02
1.197640697395606635e-01 -3.172397613525390625e-02
1.213197022765805100e-01 -3.452682495117187500e-02
1.213659171821043214e-01 -3.719806671142578125e-02
1.229237000329000962e-01 -3.558540344238281250e-02
1.244793405125371732e-01 -3.849124908447265625e-02
1.245255416464922105e-01 -4.047966003417968750e-02
1.260833303235110447e-01 -4.166793823242187500e-02
1.276389787503128259e-01 -4.591464996337890625e-02
1.276851661136085836e-01 -4.547882080078125000e-02
1.292429606150314880e-01 -4.596519470214843750e-02
1.307986169844504998e-01 -5.038833618164062500e-02
1.308447905789059673e-01 -5.016708374023437500e-02
1.324025909065519313e-01 -5.122661590576171875e-02
1.339582546883527625e-01 -5.509757995605468750e-02
1.340044150451128457e-01 -5.509281158447265625e-02
1.355622211998913640e-01 -5.644702911376953125e-02
1.371178929243094258e-01 -5.913734436035156250e-02
1.371640395104102295e-01 -5.804824829101562500e-02
1.387218514905023126e-01 -6.086730957031250000e-02
1.402775306327591620e-01 -6.422996520996093750e-02
1.403236639757076132e-01 -6.263828277587890625e-02
1.418814817792942717e-01 -6.491279602050781250e-02
1.434371688687158253e-01 -6.587123870849609375e-02
1.434832884428239863e-01 -6.863403320312500000e-02
1.450411120699052203e-01 -6.785774230957031250e-02
1.465968065744370774e-01 -6.997489929199218750e-02
1.466429123787954536e-01 -7.386207580566406250e-02
1.482007423632446530e-01 -7.186317443847656250e-02
1.497564448103937407e-01 -7.746505737304687500e-02
1.498025368413643532e-01 -7.485294342041015625e-02
1.513603721245296851e-01 -7.551383972167968750e-02
1.529160825161149928e-01 -8.039474487304687500e-02
1.529621613066617369e-01 -7.836818695068359375e-02
1.545200024178691178e-01 -8.142471313476562500e-02
1.560757207548001402e-01 -8.254814147949218750e-02
1.561217857719591207e-01 -8.271408081054687500e-02
1.576796327084800664e-01 -8.359336853027343750e-02
1.592353584596118976e-01 -8.669757843017578125e-02
1.592814102399849885e-01 -8.561515808105468750e-02
1.608392624688556038e-01 -8.836364746093750000e-02
1.623949961644236550e-01 -9.116268157958984375e-02
1.624410341741374664e-01 -8.932971954345703125e-02
1.639988927621950365e-01 -9.108161926269531250e-02
1.655546338710544019e-01 -9.395790100097656250e-02
1.656006586385253554e-01 -9.483814239501953125e-02
1.671585225243895634e-01 -9.450817108154296875e-02
1.687142715767756540e-01 -9.600734710693359375e-02
1.687602831056417285e-01 -9.591293334960937500e-02
1.703181528150005120e-01 -9.642505645751953125e-02
1.718739092824969061e-01 -9.931755065917968750e-02
1.719199070416131958e-01 -9.922981262207031250e-02
1.734777825744665547e-01 -9.984493255615234375e-02
1.750335469882181583e-01 -1.030273437500000000e-01
1.750795315087295689e-01 -1.017417907714843750e-01
1.766374123366610815e-01 -1.043262481689453125e-01
1.781931846957583998e-01 -1.057815551757812500e-01
1.782391554437915415e-01 -1.051559448242187500e-01
1.797970426281815248e-01 -1.080331802368164062e-01
1.813528224042081360e-01 -1.084671020507812500e-01
1.813987799072699358e-01 -1.077032089233398438e-01
1.829566723912855464e-01 -1.109037399291992188e-01
1.845124601099293882e-01 -1.128969192504882812e-01
1.845584038414224137e-01 -1.110134124755859375e-01
1.861163021525705785e-01 -1.129159927368164062e-01
1.876720978165601350e-01 -1.150512695312500000e-01
1.877180283085387869e-01 -1.135902404785156250e-01
1.892759324431815271e-01 -1.147661209106445312e-01
1.908317355222813871e-01 -1.181039810180664062e-01
1.908776522436007594e-01 -1.153888702392578125e-01
1.924355622062855486e-01 -1.181373596191406250e-01
1.939913726986767228e-01 -1.191158294677734375e-01
1.940372767079886485e-01 -1.184511184692382812e-01
1.955951919693895702e-01 -1.211547851562500000e-01
1.971510104071264591e-01 -1.219120025634765625e-01
1.971969006457791052e-01 -1.215534210205078125e-01
1.987548217306746023e-01 -1.229143142700195312e-01
2.003106481110287218e-01 -1.246690750122070312e-01
2.003565245808410777e-01 -1.223220825195312500e-01
2.019144514910501398e-01 -1.250257492065429688e-01
2.034702852856050681e-01 -1.264772415161132812e-01
2.035161490488669456e-01 -1.240596771240234375e-01
2.050740812550636560e-01 -1.256122589111328125e-01
2.066299229922358149e-01 -1.290311813354492188e-01
2.066757729839289182e-01 -1.273069381713867188e-01
2.082337110154391935e-01 -1.280002593994140625e-01
2.097895601704501400e-01 -1.296901702880859375e-01
2.098353969199003854e-01 -1.279048919677734375e-01
2.113933407758147309e-01 -1.287059783935546875e-01
2.129491973468454757e-01 -1.326856613159179688e-01
2.129950208558718527e-01 -1.295642852783203125e-01
2.145529705380092578e-01 -1.326789855957031250e-01
2.161088350534762226e-01 -1.343021392822265625e-01
2.161546453211692365e-01 -1.309642791748046875e-01
2.177126002992942899e-01 -1.315650939941406250e-01
2.192684722298715583e-01 -1.336688995361328125e-01
2.193142692544122196e-01 -1.318120956420898438e-01
2.208722300605793221e-01 -1.339864730834960938e-01
2.224281094062668940e-01 -1.351737976074218750e-01
2.224738931903836869e-01 -1.334466934204101562e-01
2.240318598245928383e-01 -1.346292495727539062e-01
2.255877465844812191e-01 -1.365451812744140625e-01
2.256335171263551542e-01 -1.345014572143554688e-01
2.271914890556424593e-01 -1.348514556884765625e-01
2.287473842902024712e-01 -1.359853744506835938e-01
2.287931410641456109e-01 -1.341295242309570312e-01
2.303511188160179968e-01 -1.354455947875976562e-01
2.319070214665978069e-01 -1.373443603515625000e-01
2.319527649982980888e-01 -1.355724334716796875e-01
2.335107485800315130e-01 -1.370658874511718750e-01
2.350666586429931426e-01 -1.380901336669921875e-01
2.351123889333600614e-01 -1.357097625732421875e-01
2.366703778119906287e-01 -1.371784210205078125e-01
2.382262958184789836e-01 -1.391801834106445312e-01
2.382720128711505181e-01 -1.355018615722656250e-01
2.398300075741851556e-01 -1.380100250244140625e-01
2.413859329948743193e-01 -1.400709152221679688e-01
2.414316368062124907e-01 -1.359634399414062500e-01
2.429896373336511983e-01 -1.386585235595703125e-01
2.445455696419437386e-01 -1.396999359130859375e-01
2.445912607440029474e-01 -1.371288299560546875e-01
2.461492665656103140e-01 -1.385097503662109375e-01
2.477052068183390743e-01 -1.379890441894531250e-01
2.477508846790649200e-01 -1.355609893798828125e-01
2.493088963278048409e-01 -1.383600234985351562e-01
2.508648439974628941e-01 -1.392087936401367188e-01
2.509105086123079031e-01 -1.363677978515625000e-01
2.524685255615829460e-01 -1.373882293701171875e-01
2.540244811738582298e-01 -1.383018493652343750e-01
2.540701325473698757e-01 -1.354560852050781250e-01
2.556281553228679781e-01 -1.373395919799804688e-01
2.571841178209276491e-01 -1.376781463623046875e-01
2.572297564851603324e-01 -1.343021392822265625e-01
2.587877845548270939e-01 -1.364574432373046875e-01
2.603437549973229848e-01 -1.412258148193359375e-01
2.603893798899868939e-01 -1.344852447509765625e-01
2.619474137867862096e-01 -1.349182128906250000e-01
2.635033916443924040e-01 -1.366224288940429688e-01
2.635490038259583612e-01 -1.337766647338867188e-01
2.651070435507997258e-01 -1.335916519165039062e-01
2.666630288226067291e-01 -1.356010437011718750e-01
2.667086277619298285e-01 -1.329221725463867188e-01
2.682666727818493468e-01 -1.336946487426757812e-01
2.698226654678571590e-01 -1.335763931274414062e-01
2.698682516997202852e-01 -1.322183609008789062e-01
2.714263020128989679e-01 -1.323328018188476562e-01
2.729823026424335053e-01 -1.330871582031250000e-01
2.730278751063658360e-01 -1.295995712280273438e-01
2.745859312466770730e-01 -1.311769485473632812e-01
2.761419392885934299e-01 -1.325588226318359375e-01
2.761874990414278086e-01 -1.277961730957031250e-01
2.777455604777266940e-01 -1.300945281982421875e-01
2.793015759374818385e-01 -1.297149658203125000e-01
2.793471224480733595e-01 -1.271190643310546875e-01
2.809051897087763150e-01 -1.279087066650390625e-01
2.824612131129676795e-01 -1.280708312988281250e-01
2.825067463831353320e-01 -1.255455017089843750e-01
2.840648194700613471e-01 -1.264686584472656250e-01
2.856208497591276041e-01 -1.263694763183593750e-01
2.856663703191067993e-01 -1.242828369140625000e-01
2.872244487020204629e-01 -1.249084472656250000e-01
2.887804864080160128e-01 -1.225719451904296875e-01
2.888259937230238661e-01 -1.223382949829101562e-01
2.903840779339795786e-01 -1.224327087402343750e-01
2.919401230559949267e-01 -1.234016418457031250e-01
2.919856176589953334e-01 -1.189002990722656250e-01
2.935437066384317673e-01 -1.202392578125000000e-01
2.950997597039738407e-01 -1.207742691040039062e-01
2.951452410647313895e-01 -1.178846359252929688e-01
2.967033358694813883e-01 -1.176013946533203125e-01
2.982593963510432600e-01 -1.190042495727539062e-01
2.983048650025218462e-01 -1.137599945068359375e-01
2.998629651005310093e-01 -1.161193847656250000e-01
3.014190329981126792e-01 -1.148071289062500000e-01
3.014644884082579024e-01 -1.130886077880859375e-01
3.030225943352186091e-01 -1.122808456420898438e-01
3.045786696433631091e-01 -1.119527816772460938e-01
3.046241118149034532e-01 -1.105613708496093750e-01
3.061822235680872195e-01 -1.113243103027343750e-01
3.077383062895230337e-01 -1.105794906616210938e-01
3.077837357499654258e-01 -1.071557998657226562e-01
3.093418528000463352e-01 -1.073122024536132812e-01
3.108979429365924529e-01 -1.077995300292968750e-01
3.109433591566109767e-01 -1.049318313598632812e-01
3.125014814999510504e-01 -1.055603027343750000e-01
3.140575790534264611e-01 -1.045045852661132812e-01
3.141029825641660223e-01 -1.015043258666992188e-01
3.156611107310006714e-01 -1.011695861816406250e-01
3.172172157004958803e-01 -1.020383834838867188e-01
3.172626064992279948e-01 -9.935951232910156250e-02
3.188207399656882712e-01 -9.866905212402343750e-02
3.203768523493842890e-01 -9.931373596191406250e-02
3.204222299031450616e-01 -9.585285186767578125e-02
3.219803686674119758e-01 -9.619331359863281250e-02
3.235364884671277919e-01 -9.405994415283203125e-02
3.235818533088811177e-01 -9.341621398925781250e-02
3.251399978993710915e-01 -9.253120422363281250e-02
3.266961251141972111e-01 -9.310150146484375000e-02
3.267414767164361633e-01 -8.983039855957031250e-02
3.282996266020042908e-01 -9.000682830810546875e-02
3.298557612310312193e-01 -8.803367614746093750e-02
3.299011001221722195e-01 -8.731365203857421875e-02
3.314592558339634065e-01 -8.716773986816406250e-02
3.330153978781006385e-01 -8.615112304687500000e-02
3.330607240581436868e-01 -8.316040039062500000e-02
3.346188845384155952e-01 -8.267593383789062500e-02
3.361750339976631308e-01 -8.155727386474609375e-02
3.362203474638797429e-01 -8.109283447265625000e-02
3.377785137694652162e-01 -7.961082458496093750e-02
3.393346701126781495e-01 -7.803916931152343750e-02
3.393799708723442832e-01 -7.701778411865234375e-02
3.409381424711889208e-01 -7.670974731445312500e-02
3.424943067570190847e-01 -7.525539398193359375e-02
3.425395942780803393e-01 -7.176780700683593750e-02
3.440977717049670259e-01 -7.269096374511718750e-02
3.456539428747625875e-01 -7.093524932861328125e-02
3.456992176838163955e-01 -7.040977478027343750e-02
3.472574004066907305e-01 -6.798744201660156250e-02
3.488135789943250797e-01 -6.930160522460937500e-02
3.488588410904619463e-01 -6.586647033691406250e-02
3.504170291075049404e-01 -6.553173065185546875e-02
3.519732151111590879e-01 -6.660270690917968750e-02
3.520184644961980025e-01 -6.488704681396484375e-02
3.535766578101381397e-01 -6.262779235839843750e-02
3.551328512289025907e-01 -6.154060363769531250e-02
3.551780879019340587e-01 -5.991744995117187500e-02
3.567362870420972554e-01 -5.862998962402343750e-02
3.582924873457365988e-01 -5.898857116699218750e-02
3.583377113067606201e-01 -5.539512634277343750e-02
3.598959157447304547e-01 -5.569458007812500000e-02
3.614521234652990911e-01 -5.484008789062500000e-02
3.614973341831707598e-01 -5.200290679931640625e-02
3.630555444491826433e-01 -5.102157592773437500e-02
3.646117595821330992e-01 -4.938983917236328125e-02
3.646569575889068160e-01 -4.709434509277343750e-02
3.662151731499968532e-01 -4.576683044433593750e-02
3.677713956998766021e-01 -4.586029052734375000e-02
3.678165809964618616e-01 -4.360389709472656250e-02
3.693748018526300525e-01 -4.328632354736328125e-02
3.709310318167106102e-01 -4.075527191162109375e-02
3.709762044031074124e-01 -3.991508483886718750e-02
3.725344305561727465e-01 -3.996086120605468750e-02
3.740906679335446183e-01 -3.572845458984375000e-02
3.741358278088434686e-01 -3.426647186279296875e-02
3.756940592606249352e-01 -3.409385681152343750e-02
3.772503040494691318e-01 -3.224468231201171875e-02
3.772954506852536083e-01 -3.030300140380859375e-02
3.788536879623486398e-01 -2.971267700195312500e-02
3.804099396369772235e-01 -2.802753448486328125e-02
3.804550740909896644e-01 -2.513885498046875000e-02
3.820133166622533549e-01 -2.305603027343750000e-02
3.835695757547207263e-01 -2.283096313476562500e-02
3.836146974994542047e-01 -2.136421203613281250e-02
3.851729453639770595e-01 -1.842498779296875000e-02
3.867292113422288180e-01 -1.781558990478515625e-02
3.867743203758643444e-01 -1.530075073242187500e-02
3.883325735381938371e-01 -1.453495025634765625e-02
3.898888474617913102e-01 -1.303482055664062500e-02
3.899339437797814112e-01 -1.042747497558593750e-02
3.914922022408270363e-01 -7.720947265625000000e-03
3.930484830483899072e-01 -5.804061889648437500e-03
3.930935671864269620e-01 -4.687309265136718750e-03
3.946518309434602356e-01 -2.559661865234375000e-03
3.962081191643144207e-01 3.833770751953125000e-04
3.962531900628371018e-01 2.446174621582031250e-03
3.978114596460934349e-01 4.602432250976562500e-03
3.993677547536415018e-01 5.342483520507812500e-03
3.994128134703921473e-01 8.369445800781250000e-03
4.009710878184912231e-01 1.060390472412109375e-02
4.025273908713850046e-01 1.164627075195312500e-02
4.025724363458927924e-01 1.451587677001953125e-02
4.041307165229434117e-01 1.619911193847656250e-02
4.056870264607120857e-01 1.885414123535156250e-02
4.057320597507193538e-01 2.146816253662109375e-02
4.072903452246671163e-01 2.401351928710937500e-02
4.088466620464011880e-01 2.667999267578125000e-02
4.088916826289484829e-01 2.752113342285156250e-02
4.104499733961554098e-01 3.147983551025390625e-02
4.120062976320902903e-01 3.171825408935546875e-02
4.120513060355940338e-01 3.372764587402343750e-02
4.136096021006075985e-01 3.664970397949218750e-02
4.151659332214173714e-01 4.043197631835937500e-02
4.152109289120041735e-01 4.205703735351562500e-02
4.167692302720958919e-01 4.517650604248046875e-02
4.183255688098349578e-01 4.808425903320312500e-02
4.183705517884143132e-01 4.957580566406250000e-02
4.199288589738195965e-01 5.224227905273437500e-02
4.214852049266689660e-01 5.599117279052734375e-02
4.215301751941503694e-01 5.700969696044921875e-02
4.230884871462173846e-01 6.070232391357421875e-02
4.246448399848511412e-01 6.313133239746093750e-02
4.246897980705605091e-01 6.470680236816406250e-02
4.262481153186151728e-01 6.747627258300781250e-02
4.278044755723592329e-01 7.151222229003906250e-02
4.278494209469706488e-01 7.330417633056640625e-02
4.294077440221578668e-01 7.730007171630859375e-02
4.309641111616863141e-01 7.988452911376953125e-02
4.310090443517972103e-01 8.142948150634765625e-02
4.325673721963746443e-01 8.397006988525390625e-02
4.341237467501039005e-01 8.766555786132812500e-02
4.341686672272978553e-01 8.905506134033203125e-02
4.357270003687724325e-01 9.246253967285156250e-02
4.372833823376119922e-01 9.623050689697265625e-02
4.373282901055269845e-01 9.763622283935546875e-02
4.388866290714056317e-01 1.004104614257812500e-01
4.404430179251200839e-01 1.053390502929687500e-01
4.404879129819371242e-01 1.060247421264648438e-01
4.420462572438034199e-01 1.090955734252929688e-01
4.436026529814832697e-01 1.118946075439453125e-01
4.436475358583472639e-01 1.127920150756835938e-01
4.452058854189296921e-01 1.151390075683593750e-01
4.467622885680818667e-01 1.206874847412109375e-01
4.468071587347574036e-01 1.215343475341796875e-01
4.483655135904179856e-01 1.242446899414062500e-01
4.499219241564994531e-01 1.287136077880859375e-01
4.499667821432219439e-01 1.286840438842773438e-01
4.515251417609967843e-01 1.324462890625000000e-01
4.530815592137721337e-01 1.360502243041992188e-01
4.531264050196320836e-01 1.366920471191406250e-01
4.546847699333945725e-01 1.386184692382812500e-01
4.562411948021897201e-01 1.421308517456054688e-01
4.562860278960422233e-01 1.416788101196289062e-01
4.578443981076113500e-01 1.455135345458984375e-01
4.594008298621908848e-01 1.504611968994140625e-01
4.594456507706333737e-01 1.492681503295898438e-01
4.610040262809186329e-01 1.513080596923828125e-01
4.625604649185540707e-01 1.567668914794921875e-01
4.626052736470435134e-01 1.556625366210937500e-01
4.641636544533164210e-01 1.576910018920898438e-01
4.657201005051526677e-01 1.598453521728515625e-01
4.657648965234536531e-01 1.620979309082031250e-01
4.673232826266237039e-01 1.651277542114257812e-01
4.688797355651538323e-01 1.682519912719726562e-01
4.689245194016827822e-01 1.667842864990234375e-01
4.704829107990214920e-01 1.687259674072265625e-01
4.720393706242455023e-01 1.740541458129882812e-01
4.720841417478575108e-01 1.707096099853515625e-01
4.736425389741477643e-01 1.731605529785156250e-01
4.751990062135725834e-01 1.779956817626953125e-01
4.752437646224486612e-01 1.758966445922851562e-01
4.768021671456360577e-01 1.750106811523437500e-01
4.783586412690262746e-01 1.825284957885742188e-01
4.784033875015872850e-01 1.797590255737304688e-01
4.799617947877984347e-01 1.817560195922851562e-01
4.815182763253894604e-01 1.868152618408203125e-01
4.815630103779974247e-01 1.806783676147460938e-01
4.831214229620152123e-01 1.837778091430664062e-01
4.846779113853906251e-01 1.894016265869140625e-01
4.847226332544075644e-01 1.843690872192382812e-01
4.862810511344130004e-01 1.857233047485351562e-01
4.878375464435728004e-01 1.919364929199218750e-01
4.878822561308177042e-01 1.884212493896484375e-01
4.894406787774848722e-01 1.889848709106445312e-01
4.909971815008454810e-01 1.936817169189453125e-01
4.910418784769924327e-01 1.875705718994140625e-01
4.926003069498826603e-01 1.916351318359375000e-01
4.941568165590276562e-01 1.943216323852539062e-01
4.942015013534025725e-01 1.889572143554687500e-01
4.957599351213709538e-01 1.911411285400390625e-01
4.973164516172098315e-01 1.957569122314453125e-01
4.973611242298127122e-01 1.895036697387695312e-01
4.989195627671713096e-01 1.910686492919921875e-01
5.004760861478850797e-01 1.967134475708007812e-01
5.005207465759874408e-01 1.890411376953125000e-01
5.020791909395690977e-01 1.892280578613281250e-01
5.036357212042482656e-01 1.964092254638671875e-01
5.036803694523975805e-01 1.897277832031250000e-01
5.052388185826409694e-01 1.901292800903320312e-01
5.067953562615209462e-01 1.958427429199218750e-01
5.068399923297172149e-01 1.876173019409179688e-01
5.083984467559482523e-01 1.891975402832031250e-01
5.099549907921961944e-01 1.939592361450195312e-01
5.099996146786204276e-01 1.862764358520507812e-01
5.115580743990201240e-01 1.872634887695312500e-01
5.131146258485593803e-01 1.925449371337890625e-01
5.131592375541210727e-01 1.856861114501953125e-01
5.147177020439109851e-01 1.858530044555664062e-01
5.162742609058320609e-01 1.878566741943359375e-01
5.163188598993863065e-01 1.799964904785156250e-01
5.178773302163087733e-01 1.832780838012695312e-01
5.194338954346883197e-01 1.867980957031250000e-01
5.194784827785249304e-01 1.777591705322265625e-01
5.210369578575616556e-01 1.800117492675781250e-01
5.225935304919610003e-01 1.840229034423828125e-01
5.226381051246996590e-01 1.734685897827148438e-01
5.241965854988145379e-01 1.752090454101562500e-01
5.257531650208172591e-01 1.768960952758789062e-01
5.257977280038382828e-01 1.684465408325195312e-01
5.273562136739408102e-01 1.700601577758789062e-01
5.289127995514925074e-01 1.726531982421875000e-01
5.289573503481940220e-01 1.613426208496093750e-01
5.305158413170126819e-01 1.650390625000000000e-01
5.320724346087651879e-01 1.677036285400390625e-01
5.321169726925497612e-01 1.590938568115234375e-01
5.336754689600845536e-01 1.583871841430664062e-01
5.352320691376214468e-01 1.624565124511718750e-01
5.352765955689599009e-01 1.517572402954101562e-01
5.368350966031564253e-01 1.548080444335937500e-01
5.383917036655682109e-01 1.569366455078125000e-01
5.384362179178631136e-01 1.467380523681640625e-01
5.399947242462282970e-01 1.461906433105468750e-01
5.415513381962434591e-01 1.509332656860351562e-01
5.415958402640378422e-01 1.381883621215820312e-01
5.431543518911191581e-01 1.400861740112304688e-01
5.447109732544256344e-01 1.444740295410156250e-01
5.447554631395384872e-01 1.320133209228515625e-01
5.463139795332815352e-01 1.322574615478515625e-01
5.478706077805534091e-01 1.362304687500000000e-01
5.479150854884416999e-01 1.256227493286132812e-01
5.494736071763534069e-01 1.298313140869140625e-01
5.510302423066811839e-01 1.288337707519531250e-01
5.510747078346164285e-01 1.172590255737304688e-01
5.526332348203347733e-01 1.192903518676757812e-01
5.541898768373564321e-01 1.202182769775390625e-01
5.542343301835196412e-01 1.106376647949218750e-01
5.557928624634066450e-01 1.117897033691406250e-01
5.573495113653031963e-01 1.137781143188476562e-01
5.573939525296943698e-01 1.030254364013671875e-01
5.589524901064785167e-01 1.050930023193359375e-01
5.605091458941594551e-01 1.052207946777343750e-01
5.605535754061045095e-01 9.458446502685546875e-02
5.621121177486408937e-01 9.511089324951171875e-02
5.636687798927803028e-01 9.731483459472656250e-02
5.637131977522792381e-01 8.716678619384765625e-02
5.652717453908032708e-01 8.840751647949218750e-02
5.668284144207270669e-01 9.023189544677734375e-02
5.668728200984539667e-01 7.870197296142578125e-02
5.684313725063682154e-01 7.920265197753906250e-02
5.699880489514023152e-01 8.029365539550781250e-02
5.700324424455381900e-01 6.966686248779296875e-02
5.715910001494400872e-01 7.181549072265625000e-02
5.731476834784395846e-01 7.389545440673828125e-02
5.731920647917129186e-01 6.211185455322265625e-02
5.747506277925119589e-01 6.421470642089843750e-02
5.763073174761509376e-01 6.553173065185546875e-02
5.763516871387971419e-01 5.517578125000000000e-02
5.779102549062579142e-01 5.585861206054687500e-02
5.794669520068261859e-01 5.756568908691406250e-02
5.795113094877003546e-01 4.692840576171875000e-02
5.810698825493297859e-01 4.995250701904296875e-02
5.826265860045375389e-01 4.946517944335937500e-02
5.826709318347845779e-01 3.947639465332031250e-02
5.842295101942206470e-01 3.999519348144531250e-02
5.857862205324843030e-01 4.078102111816406250e-02
5.858305541809593064e-01 3.231620788574218750e-02
5.873891373079666023e-01 3.377532958984375000e-02
5.889458545311051507e-01 3.419399261474609375e-02
5.889901765280435297e-01 2.554798126220703125e-02
5.905487649492194846e-01 2.675247192382812500e-02
5.921054890590519149e-01 2.772521972656250000e-02
5.921497988751277530e-01 1.837635040283203125e-02
5.937083920602369558e-01 1.977920532226562500e-02
5.952651230604012467e-01 1.921463012695312500e-02
5.953094206937955546e-01 1.184368133544921875e-02
5.968680197060373116e-01 1.334381103515625000e-02
5.984247575883480108e-01 1.522636413574218750e-02
5.984690430390607885e-01 4.270553588867187500e-03
6.000276468188737722e-01 6.398200988769531250e-03
6.015843915869688585e-01 7.293701171875000000e-03
6.016286653834165277e-01 -2.569198608398437500e-03
6.031872739326197275e-01 6.856918334960937500e-04
6.047440255855897062e-01 -3.738403320312500000e-04
6.047882877305007510e-01 -7.586479187011718750e-03
6.063469015756915992e-01 -5.731582641601562500e-03
6.079036595842105539e-01 -5.408287048339843750e-03
6.079479095491685525e-01 -1.332283020019531250e-02
6.095065286912565439e-01 -1.371383666992187500e-02
6.110632935855598857e-01 -1.038646697998046875e-02
6.111075318953432811e-01 -1.884078979492187500e-02
6.126661558050024992e-01 -1.786708831787109375e-02
6.142229275832712387e-01 -1.646900177001953125e-02
6.142671542406085150e-01 -2.466297149658203125e-02
6.158257834480743709e-01 -2.277183532714843750e-02
6.173825615800730970e-01 -2.001857757568359375e-02
6.174267765895117277e-01 -3.019523620605468750e-02
6.189854105618203262e-01 -2.814102172851562500e-02
6.205421955777844500e-01 -2.455329895019531250e-02
6.205863984081795293e-01 -3.479480743408203125e-02
6.221450376746567867e-01 -3.310012817382812500e-02
6.237018295782242872e-01 -3.046512603759765625e-02
6.237460207552637526e-01 -4.023456573486328125e-02
6.253046647884027420e-01 -3.736305236816406250e-02
6.268614635768451349e-01 -3.570175170898437500e-02
6.269056425730220594e-01 -4.510784149169921875e-02
6.284642919021486973e-01 -4.128456115722656250e-02
6.300210975754659826e-01 -3.915882110595703125e-02
6.300652649191967880e-01 -4.793548583984375000e-02
6.316239190140756632e-01 -4.603481292724609375e-02
6.331807315740868303e-01 -4.410839080810546875e-02
6.332248867360456002e-01 -5.108070373535156250e-02
6.347835461269121238e-01 -4.807090759277343750e-02
6.363403655727076780e-01 -4.875183105468750000e-02
6.363845090813108341e-01 -5.520057678222656250e-02
6.379431732424770685e-01 -5.363368988037109375e-02
6.394999990447310934e-01 -5.094718933105468750e-02
6.395441308981596462e-01 -5.942535400390625000e-02
6.411028003562230237e-01 -5.775356292724609375e-02
6.426596330424424464e-01 -5.474948883056640625e-02
6.427037532452438695e-01 -6.291198730468750000e-02
6.442624274690594843e-01 -6.161212921142578125e-02
6.458192670392443047e-01 -5.941772460937500000e-02
6.458633750620926817e-01 -6.824588775634765625e-02
6.474220545828054396e-01 -6.425285339355468750e-02
6.489789005112677200e-01 -6.188297271728515625e-02
6.490229974109958944e-01 -7.131958007812500000e-02
6.505816816965513949e-01 -6.889820098876953125e-02
6.521385345098885677e-01 -6.645107269287109375e-02
6.521826192287542012e-01 -7.371902465820312500e-02
6.537413088121163396e-01 -7.179069519042968750e-02
6.552981679782740043e-01 -6.984233856201171875e-02
6.553422410456030134e-01 -7.750701904296875000e-02
6.569009359249528002e-01 -7.507324218750000000e-02
6.584578019759853573e-01 -7.354259490966796875e-02
6.585018633926872367e-01 -8.026695251464843750e-02
6.600605625075538496e-01 -8.033752441406250000e-02
6.616174354443707939e-01 -7.755279541015625000e-02
6.616614852095360488e-01 -8.230781555175781250e-02
6.632201896185713208e-01 -8.118247985839843750e-02
6.647770689154847146e-01 -7.982254028320312500e-02
6.648211070291133451e-01 -8.648777008056640625e-02
6.663798167341362655e-01 -8.612537384033203125e-02
6.679367029141055623e-01 -8.505439758300781250e-02
6.679807288441431679e-01 -9.013652801513671875e-02
6.695394433203752937e-01 -8.798408508300781250e-02
6.710963363834004936e-01 -8.661842346191406250e-02
6.711403511884989070e-01 -9.320068359375000000e-02
6.726990704323022596e-01 -9.238243103027343750e-02
6.742559698526954248e-01 -8.943462371826171875e-02
6.742999730053477192e-01 -9.696483612060546875e-02
6.758586975451387202e-01 -9.656429290771484375e-02
6.774156033219903561e-01 -9.268856048583984375e-02
6.774595948249250155e-01 -9.966850280761718750e-02
6.790183241304682538e-01 -9.830284118652343750e-02
6.805752367931042768e-01 -9.612846374511718750e-02
6.806192166426833223e-01 -1.029310226440429688e-01
6.821779512442142090e-01 -1.016521453857421875e-01
6.837348707908156298e-01 -9.866142272949218750e-02
6.837788384604416292e-01 -1.058483123779296875e-01
6.853375778304532373e-01 -1.048097610473632812e-01
6.868945042573820770e-01 -1.021537780761718750e-01
6.869384602763809466e-01 -1.067409515380859375e-01
6.884972049423802032e-01 -1.067972183227539062e-01
6.900541377257675135e-01 -1.045312881469726562e-01
6.900980820950487482e-01 -1.112575531005859375e-01
6.916568315258907473e-01 -1.095428466796875000e-01
6.932137706675555178e-01 -1.063737869262695312e-01
6.932577039128070551e-01 -1.124782562255859375e-01
6.948164586387272079e-01 -1.130676269531250000e-01
6.963734041359409543e-01 -1.094856262207031250e-01
6.964173257296558672e-01 -1.159858703613281250e-01
6.979760852231472468e-01 -1.146430969238281250e-01
6.995330376052358856e-01 -1.108407974243164062e-01
6.995769475465046794e-01 -1.182212829589843750e-01
7.011357118057482962e-01 -1.168041229248046875e-01
7.026926710745308169e-01 -1.137151718139648438e-01
7.027365693633534915e-01 -1.213550567626953125e-01
7.042953389176752621e-01 -1.182880401611328125e-01
7.058523045438257482e-01 -1.175460815429687500e-01
7.058961911792928090e-01 -1.223430633544921875e-01
7.074549655039142904e-01 -1.191234588623046875e-01
7.090119374847042577e-01 -1.181650161743164062e-01
7.090558129979606106e-01 -1.246185302734375000e-01
7.106145920883343292e-01 -1.231422424316406250e-01
7.121715709539991890e-01 -1.202630996704101562e-01
7.122154348148094227e-01 -1.268806457519531250e-01
7.137742186718448734e-01 -1.248598098754882812e-01
7.153312044232941203e-01 -1.224699020385742188e-01
7.153750566307487402e-01 -1.288051605224609375e-01
7.169338452553554175e-01 -1.262083053588867188e-01
7.184908373623536404e-01 -1.240339279174804688e-01
7.185346784494165417e-01 -1.289062500000000000e-01
7.200934718397754564e-01 -1.287937164306640625e-01
7.216504708316485717e-01 -1.262836456298828125e-01
7.216943002671748486e-01 -1.319704055786132812e-01
7.232530989553404011e-01 -1.284809112548828125e-01
7.248101037716175865e-01 -1.272144317626953125e-01
7.248539215546977443e-01 -1.326637268066406250e-01
7.264127255397604399e-01 -1.310329437255859375e-01
7.279697372390935284e-01 -1.285533905029296875e-01
7.280135433715465565e-01 -1.349916458129882812e-01
7.295723521223614894e-01 -1.313056945800781250e-01
7.311293701781530485e-01 -1.295413970947265625e-01
7.311731651883953687e-01 -1.343650817871093750e-01
7.327319787040530441e-01 -1.347360610961914062e-01
7.342890031190315581e-01 -1.333341598510742188e-01
7.343327864786467485e-01 -1.369628906250000000e-01
7.358916052884730830e-01 -1.339673995971679688e-01
7.374486365883264893e-01 -1.315441131591796875e-01
7.374924082945860659e-01 -1.382179260253906250e-01
7.390512313444767001e-01 -1.344280242919921875e-01
7.406082695282955042e-01 -1.322031021118164062e-01
7.406520301096158887e-01 -1.369104385375976562e-01
7.422108579270777495e-01 -1.353969573974609375e-01
7.437679024673550243e-01 -1.325607299804687500e-01
7.438116513971387844e-01 -1.372613906860351562e-01
7.453704845105882937e-01 -1.354455947875976562e-01
7.469275354064145445e-01 -1.336536407470703125e-01
7.469712732148970913e-01 -1.376590728759765625e-01
7.485301110959178272e-01 -1.370229721069335938e-01
7.500871683482025487e-01 -1.336421966552734375e-01
7.516897376803378661e-01 -1.353969573974609375e-01
7.532468012863525741e-01 -1.345205307006835938e-01
7.548493642656673996e-01 -1.358966827392578125e-01
7.564064342245025996e-01 -1.324920654296875000e-01
7.580089903189425327e-01 -1.369276046752929688e-01
7.595660671626526250e-01 -1.337709426879882812e-01
7.611686169015435821e-01 -1.360397338867187500e-01
7.627257001044406293e-01 -1.339998245239257812e-01
7.643282434859636210e-01 -1.349906921386718750e-01
7.658853330435001494e-01 -1.328525543212890625e-01
7.674878695401482487e-01 -1.355161666870117188e-01
7.690449659834691643e-01 -1.320686340332031250e-01
7.706474961227492981e-01 -1.343688964843750000e-01
7.722045989225286844e-01 -1.315965652465820312e-01
7.738071221760244311e-01 -1.325054168701171875e-01
7.753642318643166886e-01 -1.299495697021484375e-01
7.769667487622634594e-01 -1.326761245727539062e-01
7.785238642740502923e-01 -1.293087005615234375e-01
7.801263748164480871e-01 -1.315326690673828125e-01
7.816834972131098125e-01 -1.280260086059570312e-01
7.832860014017776207e-01 -1.307573318481445312e-01
7.848431301530788273e-01 -1.273536682128906250e-01
7.864456274559622484e-01 -1.279497146606445312e-01
7.880027625628124310e-01 -1.244907379150390625e-01
7.896052540403822873e-01 -1.261596679687500000e-01
7.911623955018719512e-01 -1.249170303344726562e-01
7.927648800945669150e-01 -1.243362426757812500e-01
7.943220279116055549e-01 -1.220426559448242188e-01
7.959245061505705321e-01 -1.222133636474609375e-01
7.974816608506650750e-01 -1.205577850341796875e-01
7.990841327322620868e-01 -1.209373474121093750e-01
8.006412932594891840e-01 -1.186771392822265625e-01
8.022437587846277252e-01 -1.174488067626953125e-01
8.038009256710417771e-01 -1.158056259155273438e-01
8.054033848388123529e-01 -1.171779632568359375e-01
8.069605586110107920e-01 -1.129484176635742188e-01
8.085630108948159700e-01 -1.151895523071289062e-01
8.101201910207443957e-01 -1.105136871337890625e-01
8.117226369480911030e-01 -1.121101379394531250e-01
8.132798234304779994e-01 -1.080312728881835938e-01
8.148822635306921525e-01 -1.092109680175781250e-01
8.164394558402116031e-01 -1.050109863281250000e-01
8.180418895876052643e-01 -1.076946258544921875e-01
8.195990882517641962e-01 -1.030912399291992188e-01
8.212015156417898920e-01 -1.023111343383789062e-01
8.227587206605883052e-01 -1.005039215087890625e-01
8.243611416977935091e-01 -9.984779357910156250e-02
8.259183530685029195e-01 -9.740066528320312500e-02
8.275207677510686421e-01 -9.622573852539062500e-02
8.290779854773270285e-01 -9.377670288085937500e-02
8.306803938043437752e-01 -9.349060058593750000e-02
8.322376178888796217e-01 -9.141826629638671875e-02
8.338400198585284029e-01 -9.036922454833984375e-02
8.353972503013417095e-01 -8.753871917724609375e-02
8.369996459127130306e-01 -8.561992645263671875e-02
8.385568827101658185e-01 -8.395671844482421875e-02
8.401592714366622472e-01 -8.295822143554687500e-02
8.417165151189899275e-01 -8.071994781494140625e-02
8.433188974890278855e-01 -7.822132110595703125e-02
8.448761475305425206e-01 -7.728672027587890625e-02
8.464785235459409973e-01 -7.350730895996093750e-02
8.480357794109502079e-01 -7.268714904785156250e-02
8.496381496019446145e-01 -7.134246826171875000e-02
8.511954118206838116e-01 -6.960487365722656250e-02
8.527977756561292422e-01 -6.675338745117187500e-02
8.543550442304174153e-01 -6.633949279785156250e-02
8.559574011809879535e-01 -6.411361694335937500e-02
8.575146761108251026e-01 -6.179809570312500000e-02
8.591170272351725812e-01 -5.861759185791015625e-02
8.606743085205587063e-01 -5.747699737548828125e-02
8.622766532893572089e-01 -5.377578735351562500e-02
8.638339404009663935e-01 -5.330181121826171875e-02
8.654362788160349096e-01 -5.172920227050781250e-02
8.669935728097905026e-01 -4.863166809082031250e-02
8.685959048684005479e-01 -4.487133026123046875e-02
8.701532046883792004e-01 -4.482650756835937500e-02
8.717555303905307751e-01 -4.128646850585937500e-02
8.733128371008412882e-01 -3.935337066650390625e-02
8.749151564447154028e-01 -3.720378875732421875e-02
8.764724689803394808e-01 -3.325080871582031250e-02
8.780747819713931035e-01 -3.266811370849609375e-02
8.796321008607471681e-01 -3.007125854492187500e-02
8.812344080255777312e-01 -2.659702301025390625e-02
8.827917332704807718e-01 -2.300357818603515625e-02
8.843940335504364425e-01 -2.247333526611328125e-02
8.859513651508884591e-01 -1.724720001220703125e-02
8.875536596046210702e-01 -1.399040222167968750e-02
8.891109970331151358e-01 -1.141357421875000000e-02
8.907132851285702868e-01 -9.417533874511718750e-03
8.922706289135228230e-01 -4.096984863281250000e-03
8.938729106552479875e-01 -2.936363220214843750e-03
8.954302607912020262e-01 2.412796020507812500e-03
8.970325361791972041e-01 4.165649414062500000e-03
8.985898926716097135e-01 7.102966308593750000e-03
9.001921622324723371e-01 9.881973266601562500e-03
9.017495245520174008e-01 1.401424407958984375e-02
9.033517877573310484e-01 1.768302917480468750e-02
9.049091564342440774e-01 2.210998535156250000e-02
9.065114132812802650e-01 2.470588684082031250e-02
9.080687883137422700e-01 2.768135070800781250e-02
9.096710388061389763e-01 3.279876708984375000e-02
9.112284201923309679e-01 3.532791137695312500e-02
9.128306643309976875e-01 3.975391387939453125e-02
9.143880520745576446e-01 4.164791107177734375e-02
9.159902903851823153e-01 4.769420623779296875e-02
9.175476834256394154e-01 5.086803436279296875e-02
9.191499159118600160e-01 5.521297454833984375e-02
9.207073153051376080e-01 5.986976623535156250e-02
9.223095414358092325e-01 6.262683868408203125e-02
9.238669471855452953e-01 6.715679168701171875e-02
9.254691669606679438e-01 7.061958312988281250e-02
9.270265785366270661e-01 7.585430145263671875e-02
9.286287924855266551e-01 8.032417297363281250e-02
9.301862104161252587e-01 8.426666259765625000e-02
9.317884180094758717e-01 8.890914916992187500e-02
9.333458422947139566e-01 9.283256530761718750e-02
9.349480430068276560e-01 9.807109832763671875e-02
9.365054736448862327e-01 1.026239395141601562e-01
9.381076685298673778e-01 1.053810119628906250e-01
9.396651055252939200e-01 1.108188629150390625e-01
9.412672940519976050e-01 1.130495071411132812e-01
9.428247368781946802e-01 1.190519332885742188e-01
9.444269195768563163e-01 1.243629455566406250e-01
9.459843682283669564e-01 1.276693344116210938e-01
9.475865451035340170e-01 1.316623687744140625e-01
9.491440001087746436e-01 1.360301971435546875e-01
9.507461700981573172e-01 1.410655975341796875e-01
9.523036314589469198e-01 1.432046890258789062e-01
9.539057956230160285e-01 1.491250991821289062e-01
9.554632628118476800e-01 1.519126892089843750e-01
9.570654211469652450e-01 1.569862365722656250e-01
9.586228946922553673e-01 1.618671417236328125e-01
9.602250466718239563e-01 1.651964187622070312e-01
9.617825260424276435e-01 1.690807342529296875e-01
9.633846716691757406e-01 1.745243072509765625e-01
9.649421573907809302e-01 1.753702163696289062e-01
9.664973985267558687e-01 1.794633865356445312e-01
9.665442971931249572e-01 1.821327209472656250e-01
9.681017887418627010e-01 1.822385787963867188e-01
9.696570383515997760e-01 1.865243911743164062e-01
9.697039221886577520e-01 1.878070831298828125e-01
9.712614200920349772e-01 1.909637451171875000e-01
9.728166776471177668e-01 1.926879882812500000e-01
9.728635477116974739e-01 1.944751739501953125e-01
9.744210514449357374e-01 1.953926086425781250e-01
9.759763169435452523e-01 1.992721557617187500e-01
9.760231727063207741e-01 2.018795013427734375e-01
9.775806827941985189e-01 2.024927139282226562e-01
9.791359567674796649e-01 2.043781280517578125e-01
9.791827982329984748e-01 2.074232101440429688e-01
9.807403141443707950e-01 2.075653076171875000e-01
9.822955960611786663e-01 2.102279663085937500e-01
9.823424232267122802e-01 2.111835479736328125e-01
9.838999454963620606e-01 2.123756408691406250e-01
9.854552353585156466e-01 2.131767272949218750e-01
9.855020487497520021e-01 2.145786285400390625e-01
9.870595768474438314e-01 2.157983779907226562e-01
9.886148746540336374e-01 2.160053253173828125e-01
9.886616737471037863e-01 2.173862457275390625e-01
9.902192076682901911e-01 2.190313339233398438e-01
9.917745139486421335e-01 2.182712554931640625e-01
9.918212987417270865e-01 2.188606262207031250e-01
9.933788390184624673e-01 2.198228836059570312e-01
9.949341532432506297e-01 2.213821411132812500e-01
9.949809242665857978e-01 2.206411361694335938e-01
9.965384703695442381e-01 2.214984893798828125e-01
9.980937925369496311e-01 2.221488952636718750e-01
9.981405492612090979e-01 2.209510803222656250e-01
9.996981017197165142e-01 2.222881317138671875e-01
